TypeID 	Mean Vector 	Cov Matrix
0 	[-14.546582742438805, 3.952868764691175, -1.7183777656395307, 14.37852908426057, 0.8660224900356255] 	[[256.55565757958686, 1.4500650625732083, 1.940375310741814, 80.075670812154755, 2.4664937678607037], [1.4500650625732083, 14.721188928065821, 0.87610073555741419, 15.107041310336534, 0.32356519687352941], [1.940375310741814, 0.87610073555741419, 3.9532929191768083, 7.4314965069680365, 0.12402827635664358], [80.075670812154755, 15.107041310336534, 7.4314965069680365, 413.03269156958805, 6.4660919166690105], [2.4664937678607037, 0.32356519687352941, 0.12402827635664358, 6.4660919166690105, 1.677346331271786]]
1 	[10.922056262382473, -0.9972089425417465, 19.998023329747255, -14.68346713642255, 4.664377889442207] 	[[62.547679401077886, 0.68024101535451487, 8.7169725130116174, 18.909929712980635, 0.26703581490397937], [0.68024101535451487, 1.0210739527714925, 4.2952873670932084, 3.3838458889606295, 0.82995694226598815], [8.7169725130116174, 4.2952873670932084, 627.5332391301017, 63.104865801252195, 8.9956714415901242], [18.909929712980635, 3.3838458889606295, 63.104865801252195, 192.88561342974273, 9.6676706694201915], [0.26703581490397937, 0.82995694226598815, 8.9956714415901242, 9.6676706694201915, 34.91853417344561]]
2 	[19.325422328197043, -4.170333664855615, 9.153729741384005, 20.533003221262028, 7.218519046240772] 	[[586.2241705961852, 0.8781194482456931, 16.648032776173803, 80.679320811215575, 36.92186324768717], [0.8781194482456931, 6.581200621852187, 4.4370991519364011, 2.9692612332963897, 3.4005606209618935], [16.648032776173803, 4.4370991519364011, 95.15350557909636, 64.472662637631288, 7.4667560137928746], [80.679320811215575, 2.9692612332963897, 64.472662637631288, 808.4641484528947, 52.925540293395827], [36.92186324768717, 3.4005606209618935, 7.4667560137928746, 52.925540293395827, 57.3028809895963]]
3 	[-15.346791699934537, -11.114142985588318, -1.2765439497501916, -5.711721823842204, 2.363410325579757] 	[[321.62860387747673, 65.737281835233304, 4.056476450352716, 5.9321893064298559, 3.0288565230569215], [65.737281835233304, 215.74934001823135, 4.1992366752042205, 1.4421055266621288, 4.0713240920963596], [4.056476450352716, 4.1992366752042205, 1.3326986857801078, 0.5729684869051227, 0.202125857013291], [5.9321893064298559, 1.4421055266621288, 0.5729684869051227, 30.09231865860506, 1.5177003067142332], [3.0288565230569215, 4.0713240920963596, 0.202125857013291, 1.5177003067142332, 7.142251836313344]]
4 	[-20.799619077795956, 4.969954765494528, -16.68307448904377, -7.328718059536779, 19.51314949971507] 	[[207.96227383563954, 8.5119082665559933, 21.7254576931598, 5.462200793888714, 14.73682865925908], [8.5119082665559933, 13.573748606915151, 13.130536188240052, 3.0900244029821535, 10.056135407429133], [21.7254576931598, 13.130536188240052, 411.7595619659366, 43.44317829513659, 103.43434175459331], [5.462200793888714, 3.0900244029821535, 43.44317829513659, 102.96297329310099, 39.114852404332829], [14.73682865925908, 10.056135407429133, 103.43434175459331, 39.114852404332829, 604.3529150859295]]
5 	[-13.6134991177557, -5.526347397594268, -11.30525738042853, -13.616269997274813, -12.439634193361506] 	[[123.36608857335365, 9.864163284216394, 21.213743219185584, 23.100433291950502, 36.307659235698452], [9.864163284216394, 48.85091023666228, 14.790960925637537, 1.6742979191400478, 8.6740213059918769], [21.213743219185584, 14.790960925637537, 247.62526104334955, 37.787928550313964, 5.703691249996961], [23.100433291950502, 1.6742979191400478, 37.787928550313964, 214.45799150620152, 14.947888692275836], [36.307659235698452, 8.6740213059918769, 5.703691249996961, 14.947888692275836, 216.54321523377365]]
6 	[-11.683044047717086, 12.355821345408721, -12.871037455874426, -15.154441949953448, 3.215113308326263] 	[[160.4986682624876, 34.200369519465838, 22.666877094556359, 7.9238598560122542, 8.3328608077078652], [34.200369519465838, 135.53462505891912, 15.960794404601332, 46.981411499409468, 1.7351303067167161], [22.666877094556359, 15.960794404601332, 256.5462599736582, 51.371240478756967, 3.0959937945257567], [7.9238598560122542, 46.981411499409468, 51.371240478756967, 272.0499996476017, 12.830252143785369], [8.3328608077078652, 1.7351303067167161, 3.0959937945257567, 12.830252143785369, 11.01147073518303]]
7 	[7.066271413355569, -12.034109066080605, -14.580149027301946, -3.387665981922776, 4.910671643963472] 	[[70.56035412514406, 21.556467393421837, 8.0139149469595274, 6.5821155290538691, 1.4290061818209963], [21.556467393421837, 174.23732510969435, 25.854127236857476, 15.421870689174348, 9.0754326434847759], [8.0139149469595274, 25.854127236857476, 144.67646496392376, 13.916652117754335, 5.1876447535674481], [6.5821155290538691, 15.421870689174348, 13.916652117754335, 25.12493440713268, 2.1380514455707167], [1.4290061818209963, 9.0754326434847759, 5.1876447535674481, 2.1380514455707167, 11.084442249048246]]
8 	[-11.902281438192517, 6.935166614840039, 1.4306082976396013, 18.283889509612138, -18.142639237549332] 	[[160.1423538364791, 8.2569930697690346, 4.2672186358019291, 47.451779902470086, 17.766101607969599], [8.2569930697690346, 77.39971392991296, 3.0225978461367267, 13.932910468024113, 4.5469759102832086], [4.2672186358019291, 3.0225978461367267, 2.1267125899654014, 5.1416454104907467, 4.023733683886471], [47.451779902470086, 13.932910468024113, 5.1416454104907467, 402.3111396358987, 70.666502990184767], [17.766101607969599, 4.5469759102832086, 4.023733683886471, 70.666502990184767, 238.38337063992273]]
9 	[-18.926042409908664, -7.357634084702216, -0.8839749949517604, 16.747126789661202, 7.322371103383695] 	[[741.2421563253768, 40.752836917542645, 0.50549835167354495, 52.345088742867745, 21.688147951755955], [40.752836917542645, 40.46251881754218, 0.15958845691870011, 18.492975645618984, 7.7841300479748412], [0.50549835167354495, 0.15958845691870011, 0.5832089467242045, 1.5980126831125865, 0.44718070200397803], [52.345088742867745, 18.492975645618984, 1.5980126831125865, 358.7113237784109, 42.353636207793571], [21.688147951755955, 7.7841300479748412, 0.44718070200397803, 42.353636207793571, 101.59295840374038]]
10 	[-4.507604219742031, -16.892925416779295, -20.3707361642094, -3.1181997196611313, -10.681587722155676] 	[[8.766640277745168, 0.97680612977566894, 9.155215343779707, 2.820672678055689, 8.5031222460323495], [0.97680612977566894, 447.61221113433265, 17.935847370396345, 17.389911976505939, 57.69911003787329], [9.155215343779707, 17.935847370396345, 847.143537742385, 13.938726021916931, 37.266510476713229], [2.820672678055689, 17.389911976505939, 13.938726021916931, 18.411027671013613, 2.7492880238983193], [8.5031222460323495, 57.69911003787329, 37.266510476713229, 2.7492880238983193, 241.98551908489725]]
11 	[-16.621845429234227, -18.16783315908208, 3.7036031525586814, 20.636069142276455, 2.3066645118556437] 	[[550.4660801669681, 73.142356899571411, 13.783488092250446, 140.3804927294953, 10.489030635860004], [73.142356899571411, 635.2587519599847, 11.367521335209711, 39.143094968177131, 10.87375245054791], [13.783488092250446, 11.367521335209711, 11.70850672552706, 7.2099196269175838, 1.7536439755717108], [140.3804927294953, 39.143094968177131, 7.2099196269175838, 718.980190405092, 17.182714859879948], [10.489030635860004, 10.87375245054791, 1.7536439755717108, 17.182714859879948, 6.750274681067661]]
12 	[-14.129266254843753, -15.992895706936311, -8.624635208833793, 15.613768656158292, 15.913077393534628] 	[[399.0981332854961, 44.367025243155773, 32.948969302385677, 56.576911148198228, 10.136175087501487], [44.367025243155773, 237.00887807623516, 46.824211613534523, 58.007736997993781, 28.965021365914843], [32.948969302385677, 46.824211613534523, 156.23481547631485, 49.138058970464542, 27.31607879366485], [56.576911148198228, 58.007736997993781, 49.138058970464542, 503.1739076160815, 27.18671366890711], [10.136175087501487, 28.965021365914843, 27.31607879366485, 27.18671366890711, 129.3384058663269]]
13 	[0.5656686588843982, 7.6157900523256785, 16.453069916641006, -11.893959835760434, 19.61235576112422] 	[[0.15464260949139705, 0.84472528679835324, 0.64532084731177564, 0.71131609186829958, 2.1930974208800142], [0.84472528679835324, 81.90336786622998, 10.504198200036331, 14.991250582574692, 28.789228318198035], [0.64532084731177564, 10.504198200036331, 567.5632102332414, 0.37620639571609965, 20.018679091584495], [0.71131609186829958, 14.991250582574692, 0.37620639571609965, 98.99474428286352, 30.84971489637833], [2.1930974208800142, 28.789228318198035, 20.018679091584495, 30.84971489637833, 512.4957338675049]]
14 	[2.98226057677671, -4.180397092640781, 10.467319693977167, -2.8963881007144074, 3.523701474323591] 	[[11.622324108119484, 1.0780024784764459, 0.34279365404462947, 1.5470484783324359, 0.25534583821251194], [1.0780024784764459, 29.17367656010619, 14.498467822852932, 1.2641765561729059, 1.807555170521141], [0.34279365404462947, 14.498467822852932, 121.58916057329205, 4.4513884307384455, 8.8528930802243391], [1.5470484783324359, 1.2641765561729059, 4.4513884307384455, 3.9439951580816794, 1.4851919555982493], [0.25534583821251194, 1.807555170521141, 8.8528930802243391, 1.4851919555982493, 15.399838443032557]]
15 	[10.746085612731605, -7.085875561690958, -7.005960496482283, 18.064430754248953, -5.168808376455237] 	[[121.99703488237463, 12.284353423787612, 16.068836031932637, 6.806847385726746, 9.0132602410894496], [12.284353423787612, 53.281424630929585, 0.62016350511793183, 30.295874234165812, 0.51443521858081875], [16.068836031932637, 0.62016350511793183, 57.94499438263947, 40.482138200982362, 4.1116162809305221], [6.806847385726746, 30.295874234165812, 40.482138200982362, 709.1594032640614, 5.274299242220283], [9.0132602410894496, 0.51443521858081875, 4.1116162809305221, 5.274299242220283, 14.37096004416526]]
