TypeID 	Mean Vector 	Cov Matrix
0 	[-18.069675845788776, -3.812625265525977, 2.3428135400829575, 12.322358450950837, -9.87550767027594] 	[[100.5326659155184, 0.65289759325022845, 0.50238248971960275, 11.792488065884232, 4.6620746951019196], [0.65289759325022845, 2.215895335586402, 0.057078039194087611, 1.96852480059668, 0.20906993313361247], [0.50238248971960275, 0.057078039194087611, 0.5540718803806662, 0.93107958073123942, 0.69246311903314428], [11.792488065884232, 1.96852480059668, 0.93107958073123942, 33.64988189063513, 0.88761229485543569], [4.6620746951019196, 0.20906993313361247, 0.69246311903314428, 0.88761229485543569, 28.100172922771712]]
1 	[18.78200900349035, 20.598015261973323, 17.43197713017078, -11.886440344797622, 6.155683528761298] 	[[107.22339216159598, 8.6648652263434354, 13.39000969720662, 4.2427735640922863, 4.0245789302814075], [8.6648652263434354, 21.285679216482627, 2.068088020463366, 1.1767798091079351, 1.4095329910032022], [13.39000969720662, 2.068088020463366, 46.71761176666952, 2.6823313487623239, 2.0627173187160173], [4.2427735640922863, 1.1767798091079351, 2.6823313487623239, 10.917437466807991, 1.6174126721463948], [4.0245789302814075, 1.4095329910032022, 2.0627173187160173, 1.6174126721463948, 4.8370696914434355]]
2 	[5.240385081673228, 9.127480828394585, -13.27373855329688, 1.247943794686691, -9.774880597864552] 	[[5.219611375449698, 0.035921515723344254, 1.9639199178319739, 0.20361560212356017, 1.3132046064746365], [0.035921515723344254, 9.958343256741424, 1.4100930574335517, 0.45173532032260666, 0.35910779489227479], [1.9639199178319739, 1.4100930574335517, 25.890039587368623, 0.65265827874756877, 0.78843193581228677], [0.20361560212356017, 0.45173532032260666, 0.65265827874756877, 0.40832026847338126, 0.0084655366829640994], [1.3132046064746365, 0.35910779489227479, 0.78843193581228677, 0.0084655366829640994, 10.475928748297774]]
3 	[3.582385244124385, 5.8859652890214385, -15.743473055146117, 7.196403131781864, 15.079991752367121] 	[[3.794348840221083, 1.0441558316348196, 3.0251679061348988, 1.588742653524035, 0.34247949186549226], [1.0441558316348196, 12.117891246077813, 6.1882046999780433, 1.691553506211273, 4.6234292608492247], [3.0251679061348988, 6.1882046999780433, 54.579771756150116, 3.2700113387635796, 1.994076121548223], [1.588742653524035, 1.691553506211273, 3.2700113387635796, 12.368216522887867, 1.7699917187195557], [0.34247949186549226, 4.6234292608492247, 1.994076121548223, 1.7699917187195557, 57.461809885933235]]
4 	[19.69655626318601, -9.697885908879424, 14.797759601771226, -6.404016735240328, -19.905157980309596] 	[[118.53235776794571, 9.0136802289040965, 3.8955380904117036, 5.6473126487766026, 5.29980265626142], [9.0136802289040965, 22.999216730488904, 2.1916485156285392, 2.3779927529798437, 9.7049795328952175], [3.8955380904117036, 2.1916485156285392, 10.446545364665148, 0.55011608449130767, 3.9519091443538725], [5.6473126487766026, 2.3779927529798437, 0.55011608449130767, 9.735249436947434, 3.3999592088055195], [5.29980265626142, 9.7049795328952175, 3.9519091443538725, 3.3999592088055195, 84.19825989496927]]
5 	[18.919695023929123, 13.32322020136123, -19.105105673610275, -15.446167835604761, -19.95063082858173] 	[[75.45944821214721, 1.0657803026292398, 2.526292745360383, 6.3074736508646314, 12.434744508322579], [1.0657803026292398, 31.538841673516934, 6.0226591232404969, 1.0943370803991199, 8.8333279322288227], [2.526292745360383, 6.0226591232404969, 79.74249113761813, 4.3560131638459119, 11.402184828339358], [6.3074736508646314, 1.0943370803991199, 4.3560131638459119, 10.560265153710677, 4.5251216887558003], [12.434744508322579, 8.8333279322288227, 11.402184828339358, 4.5251216887558003, 76.3885207267387]]
6 	[1.6002235488489163, -18.78875443574386, -7.725386993564721, 11.290991400084515, -20.942471404536818] 	[[0.3527341037293289, 0.014491065225534267, 0.391461786545311, 0.28409750324372168, 0.25990610988638885], [0.014491065225534267, 104.85878101951218, 2.8382687567435365, 7.88464499629033, 10.022649129135157], [0.391461786545311, 2.8382687567435365, 19.366392097258625, 4.307776651836007, 3.7561867239959836], [0.28409750324372168, 7.88464499629033, 4.307776651836007, 44.509110583455104, 15.63536275356307], [0.25990610988638885, 10.022649129135157, 3.7561867239959836, 15.63536275356307, 93.03276405760234]]
7 	[5.617397472910184, 7.264145404074011, 18.999013659593786, -19.463751723946135, 4.718978561277112] 	[[8.440142043538586, 0.56053806134612372, 2.4911363709631185, 5.734770246076506, 0.19563737565131598], [0.56053806134612372, 12.429953699146205, 1.1144417940160027, 1.9070675319789059, 0.65719886285307338], [2.4911363709631185, 1.1144417940160027, 16.359429371894517, 9.2238816771049343, 0.85337332185319348], [5.734770246076506, 1.9070675319789059, 9.2238816771049343, 133.81578333958717, 4.7467789623753083], [0.19563737565131598, 0.65719886285307338, 0.85337332185319348, 4.7467789623753083, 3.813694765123972]]
8 	[-11.476728930942235, -12.42442005054449, 12.598466342078751, -6.808243923547783, -10.889026304845522] 	[[6.768009334790567, 1.020533809871327, 0.6329418573752561, 0.8193743938660103, 1.2908151015122129], [1.020533809871327, 12.328693879231777, 2.0802104654963061, 0.68658854717317075, 2.9150690152288776], [0.6329418573752561, 2.0802104654963061, 7.541915040074272, 1.0282985980792201, 2.1670007075466091], [0.8193743938660103, 0.68658854717317075, 1.0282985980792201, 3.565659707065273, 2.5893452714444765], [1.2908151015122129, 2.9150690152288776, 2.1670007075466091, 2.5893452714444765, 35.42169399151798]]
9 	[-0.18946830592216202, -16.10210684266397, -16.134715718908744, 0.0005146302097109867, 10.528086260595565] 	[[0.005239972209922658, 0.014934470084527108, 0.074656404865123607, 2.7341129045279701e-06, 0.019148615466393133], [0.014934470084527108, 24.531774449910582, 3.2734135426327398, 2.0376302252329443e-05, 2.5616769126283656], [0.074656404865123607, 3.2734135426327398, 30.925451748084757, 7.5344860362130242e-05, 2.1816200415166476], [2.7341129045279701e-06, 2.0376302252329443e-05, 7.5344860362130242e-05, 2.6950342500319435e-08, 0.00011307449303708313], [0.019148615466393133, 2.5616769126283656, 2.1816200415166476, 0.00011307449303708313, 7.973380799068302]]
10 	[0.9663590161324542, -4.809781299581161, 19.74969033288683, 6.208479091380099, 11.487643147021387] 	[[0.07792953016168432, 0.074095359317252668, 0.46622985729999322, 0.18431719891774087, 0.16943081617837127], [0.074095359317252668, 3.276335852990497, 1.3663467036135661, 0.6606745861490344, 1.3453885347208181], [0.46622985729999322, 1.3663467036135661, 55.493957363554436, 5.5849348969704913, 8.3967648362914087], [0.18431719891774087, 0.6606745861490344, 5.5849348969704913, 12.268158237072127, 2.3161680927509347], [0.16943081617837127, 1.3453885347208181, 8.3967648362914087, 2.3161680927509347, 43.028119705892244]]
11 	[-13.912292149465754, -6.403872177646226, 19.274251059552277, -19.613347056339805, 6.312358061773644] 	[[52.87249937096363, 1.4581463186034462, 17.013797208778733, 7.7750552255651835, 5.0114356867164647], [1.4581463186034462, 8.55509116006634, 1.0650691088681556, 2.2344334496704867, 1.925238315867517], [17.013797208778733, 1.0650691088681556, 112.58468935070032, 6.194053905281252, 3.2307116153231896], [7.7750552255651835, 2.2344334496704867, 6.194053905281252, 23.95735155474568, 0.30208316548460046], [5.0114356867164647, 1.925238315867517, 3.2307116153231896, 0.30208316548460046, 7.819563968881565]]
12 	[-6.009161947632485, -2.2806543286086516, -11.99933850759425, 3.2339412855809684, -11.177915905035482] 	[[7.728050233790005, 0.53336583145699124, 1.5060097890829549, 0.28934994658748342, 2.0932542476728364], [0.53336583145699124, 1.561605770619615, 0.10887921222992156, 0.12595779787672198, 0.36769184783120074], [1.5060097890829549, 0.10887921222992156, 7.8535736692417775, 1.0478402678313892, 1.5528807186125049], [0.28934994658748342, 0.12595779787672198, 1.0478402678313892, 3.0087347358131358, 1.2801145920693353], [2.0932542476728364, 0.36769184783120074, 1.5528807186125049, 1.2801145920693353, 10.37797407521719]]
13 	[-14.35735013045867, -0.10581234738717171, -10.444152295625903, -15.595681969749998, 15.227730561600588] 	[[38.04747079475659, 0.029898637278453169, 1.2530208972228893, 2.289211186690788, 11.059976921457951], [0.029898637278453169, 0.0013103300048990763, 0.024432742320797032, 0.018060939680574113, 0.058204906515228708], [1.2530208972228893, 0.024432742320797032, 16.581826622048215, 2.921511367593479, 3.0828748025993384], [2.289211186690788, 0.018060939680574113, 2.921511367593479, 26.648274984511488, 9.0813740173871746], [11.059976921457951, 0.058204906515228708, 3.0828748025993384, 9.0813740173871746, 55.436686021890544]]
14 	[16.58658189051495, -13.519458883952773, 5.924958618382686, -19.28002339239182, 1.1798735310548345] 	[[75.74933137835049, 1.4616691576472007, 2.8685005694662991, 14.358729281847074, 0.43381615186186934], [1.4616691576472007, 15.337850693898886, 1.2045416240128699, 2.3631160604827479, 0.40854957033530848], [2.8685005694662991, 1.2045416240128699, 3.8858554167366286, 1.450285348175075, 0.11816923593799425], [14.358729281847074, 2.3631160604827479, 1.450285348175075, 50.263591121439205, 0.12518177216682264], [0.43381615186186934, 0.40854957033530848, 0.11816923593799425, 0.12518177216682264, 0.1779950796376115]]
15 	[2.181649068286376, 3.886488036948954, 8.9699437807432, -9.663514650156156, 6.641290613867071] 	[[0.6522590962480952, 0.045230283276891901, 0.24109277601617995, 0.75920027355473363, 0.35967413704934043], [0.045230283276891901, 1.4977385674127175, 0.61098890713889431, 0.65628561134042918, 0.37144812800271526], [0.24109277601617995, 0.61098890713889431, 4.686468078516917, 1.9304577986122735, 0.46297673713890525], [0.75920027355473363, 0.65628561134042918, 1.9304577986122735, 14.66818704526185, 1.7023856927477496], [0.35967413704934043, 0.37144812800271526, 0.46297673713890525, 1.7023856927477496, 8.892143155107357]]
