TypeID 	Mean Vector 	Cov Matrix
0 	[-4.020055334940519, -19.376588042630726, 1.1362938890640635, 3.2544014302935906, 8.639473186242316] 	[[47.540233220472714, 203.37069435943502, 22.514568175510554, 50.637303953730395, 236.64258123444063], [203.37069435943502, 1833.1922018014693, 109.40208803864616, 235.26333398270634, 1632.7548179362093], [22.514568175510554, 109.40208803864616, 15.763418522650804, 23.052491368723249, 130.32224781235377], [50.637303953730395, 235.26333398270634, 23.052491368723249, 75.10452092583743, 227.78881556622022], [236.64258123444063, 1632.7548179362093, 130.32224781235377, 227.78881556622022, 1707.096374952341]]
1 	[-20.66337136234306, -5.0483113218318945, -6.682352628585807, 5.409278848695251, 5.715778241643328] 	[[3728.5026465434166, 0, 0, 0, 0], [0, 120.88093251709638, 209.53549466418212, 101.00509995029685, 213.96837313237978], [0, 209.53549466418212, 559.7265624261574, 223.63389525879083, 405.32525325013353], [0, 101.00509995029685, 223.63389525879083, 111.79368936621285, 179.60347142543509], [0, 213.96837313237978, 405.32525325013353, 179.60347142543509, 689.2035706104987]]
2 	[-14.749971729720926, 13.874034182413766, 5.733072152711362, 7.532927788533929, -0.1829385370260681] 	[[1413.6498370784586, 1067.4838238371042, 264.62261117022769, 790.14708604119357, 22.978007992542601], [1067.4838238371042, 1127.3628792630252, 272.21284195076117, 660.80846784688458, 22.567971724094686], [264.62261117022769, 272.21284195076117, 93.8133941983542, 168.50178332583215, 5.8542363145055676], [790.14708604119357, 660.80846784688458, 168.50178332583215, 500.95456959806995, 13.325281549681904], [22.978007992542601, 22.567971724094686, 5.8542363145055676, 13.325281549681904, 0.7760588006183615]]
3 	[-0.37419382844925053, -13.340062052898157, 5.025761312649898, -13.093416804760487, 16.70163492403408] 	[[1.5740400735736209, 43.046328514166824, 7.0478724772610288, 35.582076751954176, 60.482536133204086], [43.046328514166824, 2227.524269916731, 318.20410411534351, 1553.2538347124273, 1682.3802150552826], [7.0478724772610288, 318.20410411534351, 72.00391047669521, 352.82775570579417, 419.97517255043363], [35.582076751954176, 1553.2538347124273, 352.82775570579417, 2068.17345685742, 2129.4755591857361], [60.482536133204086, 1682.3802150552826, 419.97517255043363, 2129.4755591857361, 3232.135039532782]]
4 	[-15.124331968371798, -7.437975695789596, 3.8120677038613344, 12.202918487134, -16.72719553752147] 	[[974.1771965001922, 441.03584158807479, 209.73957382794779, 1373.4062629262107, 715.00240198974871], [441.03584158807479, 322.1528850111125, 121.16558579551338, 771.09123033654862, 501.30636711944908], [209.73957382794779, 121.16558579551338, 87.84989564712323, 316.60792827764493, 215.48892684597826], [1373.4062629262107, 771.09123033654862, 316.60792827764493, 2990.193652188328, 1401.5976026283115], [715.00240198974871, 501.30636711944908, 215.48892684597826, 1401.5976026283115, 1256.0033889183514]]
5 	[-15.085750255859132, -18.296750782148678, 8.707147453696592, 6.686215754652778, 18.880951589938164] 	[[4230.9588422450215, 2196.2061944580446, 1150.8247846470153, 738.943609479325, 1426.9237274196471], [2196.2061944580446, 3090.1599051401763, 0, 0, 0], [1150.8247846470153, 0, 547.3328872051977, 355.18282685640196, 608.35155340781796], [738.943609479325, 0, 355.18282685640196, 324.74742566937726, 421.58897731386475], [1426.9237274196471, 0, 608.35155340781796, 421.58897731386475, 1290.538416205571]]
6 	[13.407577275061563, 7.984502310369695, -11.095705072529235, 7.9521268984123274, -19.34057536844033] 	[[4101.784113205844, 2005.3642297373415, 1828.0860212582427, 1438.9270907411255, 2772.5328207532516], [2005.3642297373415, 1259.3791977174956, 918.49948918108089, 687.6757051406272, 1518.1065369519245], [1828.0860212582427, 918.49948918108089, 1372.1008238929305, 905.74420189973591, 1376.4500010439945], [1438.9270907411255, 687.6757051406272, 905.74420189973591, 954.5770095142402, 1064.2664139020933], [2772.5328207532516, 1518.1065369519245, 1376.4500010439945, 1064.2664139020933, 2648.7941742889766]]
7 	[-8.415206411013163, -3.796606725869214, 7.872006647787618, 8.91764466357657, -2.5441931291535376] 	[[1193.1897131572132, 197.2197484369913, 448.60349285465594, 1042.9599741593747, 157.92120750062654], [197.2197484369913, 38.18569005112177, 83.566015014228157, 185.57167935786018, 26.28267034350619], [448.60349285465594, 83.566015014228157, 397.04284422285514, 653.14323949344191, 74.299859548956405], [1042.9599741593747, 185.57167935786018, 653.14323949344191, 1739.630098751863, 172.57389349677376], [157.92120750062654, 26.28267034350619, 74.299859548956405, 172.57389349677376, 28.677146987621857]]
8 	[19.089466229001573, -9.363695012314176, -15.730382116030906, 14.533439083217324, 7.130983671941028] 	[[3484.0751730824522, 1887.9178555958365, 1086.8053843387563, 2660.8120289743101, 734.84662250585802], [1887.9178555958365, 1247.2064140619927, 517.08070582921812, 1522.0994148282716, 496.67955198743459], [1086.8053843387563, 517.08070582921812, 583.2329426678316, 1280.8699899593239, 230.38013728308593], [2660.8120289743101, 1522.0994148282716, 1280.8699899593239, 4670.244412922813, 710.32852477516531], [734.84662250585802, 496.67955198743459, 230.38013728308593, 710.32852477516531, 212.08078255131534]]
9 	[-16.424899910016975, 16.35252852091545, 7.70377364044656, 0.662168836637683, -1.9180696062384506] 	[[6433.138587020222, 3351.9360113736248, 2485.7143462707941, 151.54621324263067, 255.48024981868528], [3351.9360113736248, 1948.1425422560987, 1542.7232654057309, 79.966528747364009, 176.03619524844279], [2485.7143462707941, 1542.7232654057309, 1351.1339934128002, 63.114877143867538, 152.55512284831508], [151.54621324263067, 79.966528747364009, 63.114877143867538, 5.360991295990975, 6.9179847032701565], [255.48024981868528, 176.03619524844279, 152.55512284831508, 6.9179847032701565, 21.31324595961257]]
10 	[-15.935028052180817, 20.755749233642334, -12.00941165035991, 6.289910856328877, 12.62138790733593] 	[[3928.824274602028, 2450.145654645813, 2659.3375663926013, 687.27939036759619, 1714.1222524216687], [2450.145654645813, 2797.5396223049966, 2316.3782907601785, 711.6734433855695, 2062.4766112892962], [2659.3375663926013, 2316.3782907601785, 2180.5226404100044, 624.10017752167278, 1728.3910696949208], [687.27939036759619, 711.6734433855695, 624.10017752167278, 283.2443296310219, 503.87886838499759], [1714.1222524216687, 2062.4766112892962, 1728.3910696949208, 503.87886838499759, 2003.5782042742055]]
11 	[-6.396493370296753, -14.22912181193758, 11.257641323239973, 11.391139892601494, 16.809552661846766] 	[[477.48890322819364, 0, 0, 0, 0], [0, 4497.009569490676, 2137.5257793523197, 1965.2557119713804, 3072.2380330640685], [0, 2137.5257793523197, 1947.9546752958968, 1008.3300112169653, 3053.9976137266244], [0, 1965.2557119713804, 1008.3300112169653, 1192.9217161936833, 1541.1448013892129], [0, 3072.2380330640685, 3053.9976137266244, 1541.1448013892129, 4940.396919296342]]
12 	[8.139437555655217, -14.282829156234502, 7.494399123637709, -11.100158282900205, 0.48437473394167796] 	[[390.6722507846691, 879.98641041117185, 376.29556062286105, 810.4997781834503, 34.396119111504035], [879.98641041117185, 2695.3830854845633, 865.36107541146498, 1779.1549983452378, 73.109986596908456], [376.29556062286105, 865.36107541146498, 552.3632956979726, 1203.6882842870302, 40.418062044183401], [810.4997781834503, 1779.1549983452378, 1203.6882842870302, 2919.265478952, 95.572185700139528], [34.396119111504035, 73.109986596908456, 40.418062044183401, 95.572185700139528, 3.598388330879518]]
13 	[-16.753792864139445, 7.540548396815538, -5.387546607064092, 16.54402028143194, -14.734998888915284] 	[[5254.67239626961, 1614.8754323259948, 1240.08928938589, 1384.86610353625, 2917.2020937005632], [1614.8754323259948, 1081.0837510758768, 484.51302175038745, 825.28238910352184, 1108.9811280350634], [1240.08928938589, 484.51302175038745, 423.82803764211485, 489.04686435855803, 693.18918356259644], [1384.86610353625, 825.28238910352184, 489.04686435855803, 751.3553127656531, 894.03011619950837], [2917.2020937005632, 1108.9811280350634, 693.18918356259644, 894.03011619950837, 1833.44898893303]]
14 	[-16.36364116621978, -12.221950532373041, 17.896672145091117, 0.28494727488772753, -1.7265473506916074] 	[[1479.4455894832047, 875.94258272216291, 960.27145978259352, 23.244509411966014, 66.832346791877271], [875.94258272216291, 544.8454935898427, 530.39415937449075, 14.794271254109686, 39.191334762065601], [960.27145978259352, 530.39415937449075, 1221.6811351904355, 23.045958382161825, 86.245143550043196], [23.244509411966014, 14.794271254109686, 23.045958382161825, 0.9363906520366541, 1.8965246181269533], [66.832346791877271, 39.191334762065601, 86.245143550043196, 1.8965246181269533, 7.142357224784023]]
15 	[10.711637051109648, 0.8010567297067759, 5.880856793034329, 7.307538925624328, -2.5684822827261904] 	[[509.1797252863292, 77.762927880788496, 246.20354297626366, 385.2836261578658, 205.5939724892898], [77.762927880788496, 14.43103572333334, 45.090380046603805, 46.965297188748984, 28.721517457073979], [246.20354297626366, 45.090380046603805, 193.83412029456412, 191.34575687181996, 91.755500001750264], [385.2836261578658, 46.965297188748984, 191.34575687181996, 384.5011481839345, 157.14120470957621], [205.5939724892898, 28.721517457073979, 91.755500001750264, 157.14120470957621, 101.77727558084038]]
